9
01
0
72
1 998.881724176880880 661.408073842901331
2 997.597502082895062 664.941174438099551
3 996.300736896101284 667.519696130786201
4 997.062950842130476 673.362299314416873
5 996.031429615797720 683.915856494729042
6 993.762155272500195 690.191268522484279
7 992.994888334735720 695.960842267395719
8 990.884507086107874 702.482611364555169
9 991.588558103371838 709.941798980187741
10 989.155522397203185 717.556065654221129
11 987.429762601661082 723.402012268856652
12 980.795162393170472 725.738377879033692
13 974.986696260168287 726.907643250062165
14 967.633000909629345 731.101189227810437
15 955.987185651433492 730.599268066769696
16 946.802000114411385 722.042252476671365
17 938.755768955783196 711.297756379249904
18 932.106379887711682 696.385217043731927
19 927.543048788881038 684.450144559361433
20 927.399400680975646 674.467488971917419
21 926.272412594330035 665.627126343148689
22 926.070066664899173 652.781214944957583
23 925.736176554690019 643.806540434328667
24 925.423258239788765 638.185990545998720
25 929.557358664807566 634.214647716751642
26 931.099464089185176 630.249808324913374
27 936.015287422496840 625.183011073351850
28 940.151730795810408 619.768853491595110
29 941.606746365787217 614.469137492357504
30 941.707283290766895 607.060357589352407
31 945.463166960009630 598.312938856458231
32 949.660296092522344 591.811480843685104
33 952.392941214274515 586.805713999942441
34 952.303194884063032 579.635824398106593
35 951.810832658551021 572.900167842281917
36 951.613150729976951 566.809783448032022
37 952.042288765867852 558.109319244740846
38 953.030681606069606 550.181539630473253
39 950.943396727230720 544.975546677056172
40 945.004038071939135 543.737790996268359
41 942.265129095762859 543.565051164476017
42 935.803093217690957 542.198787717686400
43 932.363390358243350 539.236581959690739
44 926.250280893189256 538.233198136887722
45 919.637617569531244 539.475966837636633
46 914.200695620988881 540.806419222919430
47 904.606615677694435 542.941789042999972
48 896.469024953682037 546.014782848691539
49 885.441172681022067 550.316925291691518
50 878.072802664976393 553.233593421862906
51 869.594755725084838 556.618928213620165
52 859.950448963145050 563.147366126740735
53 851.430036993514705 574.952035469513135
54 843.145595878652784 583.257636756717829
55 837.111749182135895 589.299359958247692
56 829.488026764181654 598.173847558078705
57 823.898407165346725 604.931608504658243
58 820.124311115688897 613.237618109699952
59 816.844359819465922 625.084925121710057
60 815.162210690952975 636.968947393595954
61 812.773521938861450 646.145446441912213
62 811.958874865387202 659.821520856079815
63 815.035979781846208 670.439515905214307
64 817.994284152268392 673.567445714615701
65 822.274497309116668 682.066029988432774
66 827.233220579651970 690.742003830009594
67 830.103195183000707 687.999032024574490
68 834.809992709585913 687.194081886226513
69 844.082530745201666 684.337436979773656
70 850.505107848476200 682.058207504288248
71 852.344805668972640 680.227097669733325
72 854.086219996684008 675.246099958428658
02
0
72
1 923.182157823580383 720.405748168038372
2 921.399840276254281 720.471871427359815
3 919.548627630085889 720.414018939824928
4 919.819174877850628 724.167566970151825
5 918.235703075753008 729.706725607635917
6 916.141838289453744 731.268829971911714
7 915.386931673576896 734.025520013073105
8 913.071470736750143 736.732703356812976
9 912.649825718238958 740.443845806294007
10 910.331699106421979 744.016365220800935
11 909.481737180040341 746.012799963935095
12 904.934116308356238 744.016300600943850
13 900.456989634819593 743.212010522962601
14 895.163554302885814 743.561028147274783
15 887.543998552576113 738.444402828522925
16 881.895388450343944 727.283088739225718
17 875.582415582799513 716.675318011223226
18 869.757437010185640 705.041662652650871
19 864.295014622980943 696.065150595302953
20 861.590279725122627 690.638495353861003
21 857.213913269556770 686.390489019490360
22 853.488283288984803 677.957312896505414
23 850.000967375105120 672.688141454193214
24 846.919098210937136 668.911539743843946
25 847.810871005393778 666.503834914046365
26 846.906595951065015 664.015653096386359
27 849.486974124905373 661.258300475183205
28 851.042158705311294 657.949732362819645
29 851.070198020008547 653.637767593605190
30 850.349333206980191 647.835032827561008
31 853.136233877084578 640.594957149716947
32 857.206231169328703 635.905882538608239
33 859.767462660969841 632.144948524113033
34 860.620284093105283 627.469351097706522
35 861.585919009051850 622.613232554141632
36 862.958400696765693 617.990092377975316
37 865.975391269588727 610.676525266697126
38 868.982680658993559 602.727394990139373
39 869.050268703003553 598.936908742450441
40 864.072298956615100 600.409576241080231
41 861.128007074540392 601.830606033886170
42 853.999017585436036 601.202726550265538
43 849.885755629329537 598.096588725157631
44 843.202098676557057 596.895815182428692
45 836.550588671188507 597.762480630546179
46 831.360413507416297 598.876905097705958
47 822.550650500402298 600.633222573034459
48 815.405829250591864 603.737043589043765
49 806.267030236193023 606.848473079112409
50 800.501992723051899 608.593162942772096
51 794.362313724041996 611.434094275535244
52 788.100787874933758 615.811630742948751
53 783.022970312525331 624.692031473752309
54 777.248521363385862 628.999476621592521
55 773.712319161771006 630.662412382064076
56 769.164483557047106 634.299352904721900
57 766.051539481615009 635.925114875717554
58 765.156439229065654 639.729545682403796
59 763.783041958845843 646.046584995322632
60 762.690880958650610 650.353095726152105
61 760.404949735390915 654.337084616403104
62 757.575706777712185 665.172196724066225
63 757.982180425808338 672.426666306846073
64 757.232584111496863 675.380843433190535
65 758.146429299382021 684.412058811795646
66 760.091132440974548 695.582201410025732
67 760.426973135146682 695.816827385440774
68 762.586685366845586 697.465026016990691
69 767.793170527590519 698.522615899602897
70 771.960208280238817 700.308695689078718
71 772.442260673201304 702.325536917103136
72 772.924609863264777 701.930246212726729
03
0
72
1 959.630949950444801 627.477624525387569
2 958.612100056511736 629.433674050243667
3 957.676199440622327 630.725874133474690
4 958.386917813170953 635.830891499340964
5 957.323432336099813 644.992420286423453
6 955.353805143180239 650.236174020845851
7 954.623571942257172 655.620274589126097
8 952.529113764593490 661.655406344791913
9 952.998431720114240 668.883725122371061
10 950.525264098462571 676.526781063206840
11 948.968844368724149 682.514129875396861
12 942.986414590609684 684.555554914839831
13 937.679205046979291 685.439159629092160
14 930.812895392408223 689.257397309155408
15 920.607960134200425 687.974096604063902
16 913.129139346729744 678.266940456241741
17 906.650025320227314 666.704631571793925
18 901.858165335867398 651.018130201587837
19 898.537605744673670 638.540470831586731
20 899.051893059159511 628.824010596091171
21 898.030044325025870 620.341370283089873
22 897.842994043189947 608.098221289830462
23 897.033932732333369 600.006618564592372
24 896.284464127773617 594.967090874378982
25 899.877932658904115 591.294025855028167
26 901.097110907277170 587.559520493937271
27 905.259621803308733 583.556180452825174
28 908.182076680933164 579.181433398271793
29 909.120775667097973 574.414966887792275
30 908.602167021155537 568.162445336322889
31 911.511132327188875 560.502722417808855
32 914.591908897815642 555.497758717209649
33 916.189083441870935 551.853638079078564
34 914.300960059463023 547.325886352536600
35 912.308633589151100 543.192921423651114
36 910.918472591329532 539.304154581132025
37 909.803593639858832 533.883679931268148
38 909.701094206725088 528.158988858589623
39 906.756836795624508 525.253918037067820
40 901.112556764536976 524.960211326046988
41 898.897104050809276 524.495914658839638
42 893.690739154386279 522.755403267742167
43 891.297730998787415 519.239746478274583
44 886.547047489149577 517.289355537892334
45 881.787830610427477 517.391004692684987
46 877.552995138982169 518.357170300790813
47 869.691059194428590 519.629513470343454
48 862.625054384147916 522.430319821406215
49 854.057802806856444 524.827537238664718
50 848.276277378245936 526.677562743944122
51 841.644192963208980 529.635999885927390
52 834.386476991215886 534.742807276110511
53 827.593052668880318 544.519673709060044
54 820.832504737296290 550.595234010765807
55 816.447228851231898 554.243033682970122
56 809.916032148083900 560.761911371875954
57 805.409752042407490 565.316098426067470
58 802.151944851046665 571.959896637422730
59 798.057494535961155 582.350721369075700
60 795.119236724836696 592.919490574447991
61 791.380542214154843 601.590572852810396
62 788.422903559864039 615.362229797212308
63 789.579368703200544 626.366099013657958
64 791.127712741357186 630.023666311692978
65 793.670515270986016 639.581164527877490
66 796.848126433387392 649.367737024873918
67 799.099327408021395 647.189139104579567
68 802.872796100415940 647.081337189252508
69 811.342405892124248 644.670249705657397
70 817.124613777953414 642.862045513836620
71 818.314679079602911 641.621023352916040
72 819.569264730270902 636.759804063805177
04
0
72
1 1074.965627950672797 724.383672497543557
2 1072.657497072356364 723.852735772017695
3 1070.519636294024167 724.016586116104577
4 1070.125371126951450 726.915135908780826
5 1067.639047138479327 729.960246745240966
6 1064.791996560608823 730.107256531243820
7 1063.392268335332346 730.909134224758077
8 1060.478811376106023 731.287607481390296
9 1058.892858089722722 731.736593532088818
10 1055.769551344691763 732.195932423955583
11 1054.608422390315582 732.342940689510328
12 1050.459969791879303 730.762262845885289
13 1046.921185217784114 730.906669724096560
14 1042.369181142526713 732.647799174053944
15 1035.477175343395629 731.338690250851869
16 1030.341413684833014 726.009582446150375
17 1023.388945929118108 720.579339204587541
18 1017.294942311983050 714.751753140907454
19 1011.226464799718883 710.257226674254753
20 1008.077626947849808 708.404439500872513
21 1003.404748424535796 706.524300154417006
22 998.762154285979591 701.201157936105915
23 994.335242980010321 697.622002792849457
24 990.139072917911676 695.384910010938825
25 989.305254573156162 695.068669487195052
26 986.614769029549507 694.963894178039368
27 987.463177681572347 694.542800950122455
28 986.732056577286016 693.495223175372530
29 984.810682696688787 691.522558525547879
30 982.443144869076718 688.087963941475437
31 982.824139773186062 683.448367381234902
32 984.972741696271328 680.668030798648033
33 985.006190431955133 678.868350220548223
34 984.246876314772862 676.494458164686648
35 983.717127822602720 673.403460385817425
36 984.008439878458717 669.777476815642103
37 986.031649288485482 664.035444053321498
38 987.565109615726328 658.135545335690836
39 988.446927976235884 653.261607723212364
40 986.746748998487988 650.173626036267251
41 986.664570681445639 648.419079853052267
42 982.605331698541931 645.633234119774897
43 980.463187899404261 642.158408195204629
44 975.679140330539212 640.267900683029552
45 970.958256592574003 639.945267070509431
46 967.157615986003634 640.238610386157802
47 959.597503637493901 640.787642716887831
48 953.527864742959878 642.001097422297676
49 945.226178271188928 643.905519772118168
50 939.755619476251354 644.741241237913982
51 933.834985059897804 646.720943149130676
52 927.039927891397610 650.316677995746659
53 921.485090455805107 657.806338535484883
54 914.678549144333829 662.535484872574216
55 909.969942351900045 665.084707025574176
56 904.316621464536865 668.837916894016416
57 900.169849567419533 671.254097331707385
58 898.555489706670528 674.510775400006992
59 897.409579013331950 678.499546987280837
60 897.029152089933291 680.290273534935750
61 895.273288659812238 681.046941566417786
62 893.858108049998577 686.807048127530607
63 894.930831457588283 689.447380162016998
64 894.654952567368127 688.375192211869717
65 895.288266513705821 691.760053062417910
66 896.613298780069158 696.933074794065192
67 895.948218029358827 695.423931000643961
68 896.934673338164544 694.050326824737454
69 899.535172138978965 693.218021286907060
70 902.005713776333096 693.861917135310478
71 900.800969555564052 695.588521674484014
72 899.703397528126516 697.089047844343781
05
0
72
1 956.901155798214859 739.019861184585125
2 954.867980286199895 739.505179582500887
3 952.909374586195099 739.901497843290826
4 952.998087669849383 743.850712133612433
5 951.328854102028458 749.623441053731995
6 948.875318133812470 751.368134622045886
7 948.058442315508046 754.018325864269855
8 945.542134603660656 756.590349382271370
9 945.396524036839310 759.872534318139969
10 942.853697091855565 762.937429106637296
11 941.941436287523970 764.548181088550677
12 937.328505756343816 762.360186163781009
13 932.966656969810174 761.613124665974169
14 927.770436645883365 762.139238943998976
15 920.047027690450477 757.474659573393865
16 913.585120462232453 747.460421401159920
17 905.666538432043808 738.166626645611359
18 898.839631026186908 727.748369709520261
19 892.444520698324823 719.609685589640208
20 889.582991467817578 714.799455048864502
21 884.900725982747986 710.718199576700840
22 881.010382719070549 702.405195558939454
23 877.645415655084662 697.056944945390001
24 874.602747285901955 693.312651334555540
25 875.625331863328711 690.986714188883070
26 874.685672993812886 688.703517884017515
27 877.347706746906852 685.887850273482059
28 879.262357911921185 682.517223431208436
29 879.213216235913933 678.362145342097051
30 878.563423462327250 672.372410838658197
31 881.667093841682117 664.892989707135484
32 886.091932646544933 660.013526918388152
33 888.946291442409347 655.833036808178349
34 890.528630224755034 650.195922453982917
35 892.247732429702182 644.455179097786413
36 894.226006752437002 638.896184696446085
37 898.159646803434271 630.272194663346340
38 901.516591147572854 621.433847235878375
39 902.097601619454167 616.541853621091150
40 897.507798238813848 616.923151047923852
41 894.455344126951672 618.303041558508312
42 887.027674354212877 617.710085938031398
43 882.504089755720088 614.949040597878820
44 875.305023985843491 613.915864218645311
45 867.756216849351176 615.152600429715903
46 861.960711298062733 616.422644087306594
47 852.404380983931560 618.476747151236168
48 844.984914841978252 621.415444174670142
49 834.633220350529086 625.215921830284969
50 828.165177959659559 627.262274103299774
51 821.118008161450120 630.199873138199905
52 813.684049703320284 635.218492473054539
53 807.635898068099323 644.789199257818836
54 800.997534813833227 650.175888050496837
55 796.713562291235803 652.623924561722561
56 791.666866429145443 657.165103744710109
57 787.957341659381541 659.552177241582285
58 786.686320211484485 663.834194660795788
59 785.881715739415540 670.393581019907515
60 785.564038709699275 674.873615380442970
61 784.013915011596850 678.571349825540324
62 782.356149645263599 688.719009937031615
63 783.743886012272355 695.149263438280514
64 783.758590209174486 697.475156572845435
65 785.510711082589410 705.358577565551627
66 787.647740588851207 715.643365500140362
67 788.087239558777469 715.455996506401448
68 791.190984011238015 716.264798102485088
69 796.195363021408184 717.084841081888385
70 800.510355184070704 718.674520184478524
71 801.083307106527400 720.471308992423587
72 801.660730848097728 720.377730700800726
06
0
72
1 1148.716229234618595 780.746048497598281
2 1145.318718794969982 776.569247489121608
3 1142.295401048893382 774.407822751753088
4 1140.758446118192978 774.288385642954495
5 1136.595501308091798 770.417816733581162
6 1133.148373336386385 764.818791638984521
7 1131.058103687619905 761.026274817105104
8 1126.984132134477250 755.956588893411777
9 1123.103068263621253 749.906032398469961
10 1119.573244092262712 743.777880306970133
11 1118.704122084261826 738.845808870007545
12 1117.524470287092754 733.477395045745766
13 1115.603487993254248 732.896342853924011
14 1113.874473280245184 732.447533589707859
15 1112.115047890285723 730.440127454485264
16 1110.258378314166066 728.389860137062897
17 1105.080128159322385 727.842473924812907
18 1099.018338526368098 730.648442523109225
19 1091.705931646042245 733.054410285551739
20 1085.899189065431074 738.818048898138727
21 1077.698282566915395 743.037045963672540
22 1069.213615879161352 744.782216995064573
23 1061.067272845179559 746.081579614929524
24 1053.069569112940599 747.063010852198090
25 1047.754125631442548 749.882165395363927
26 1041.353542693079817 753.460049302642688
27 1038.366355124763686 757.401234620608193
28 1033.141775471318169 760.290892025946846
29 1028.036990272607682 761.565387635755883
30 1023.463156230197455 762.005563418559291
31 1020.778493349705172 761.386781719323835
32 1020.788247777258675 762.157289600391550
33 1018.519802184723517 763.581805272954057
34 1016.998379203049694 766.056372752713287
35 1016.473212680928555 767.026773537434110
36 1017.435439033475859 766.041522512394181
37 1020.875493137281069 764.082449342668610
38 1023.111039072517201 760.672170121271620
39 1026.861613798949293 756.243944091253638
40 1029.275865649594152 751.320787657532833
41 1031.696425452441872 747.713354743630248
42 1030.101565422733984 743.538438256026552
43 1029.219201542116252 739.697008965666328
44 1025.918698161968223 736.795883522603731
45 1023.207447922935899 735.018202096036134
46 1021.157924531983667 734.481157139443553
47 1015.751499578176094 733.471566265297611
48 1011.649110467265132 733.416669675869571
49 1005.926993408722637 732.501510990338602
50 1002.280310339486050 731.308175374399070
51 998.679188141268241 731.846547389027023
52 994.490913710991435 732.479749700071693
53 991.534945426401123 735.527568911577418
54 985.843009140424783 736.939545461906619
55 982.211405246782988 736.029283903991882
56 978.415909491036700 734.664722229200947
57 975.342569052900672 732.977385226749561
58 975.478975847791730 731.568971643042801
59 976.108356114766252 727.750425382637900
60 976.324180276325251 720.116697005122205
61 975.133489210101061 712.794843133242239
62 972.934516451076092 711.013305147671304
63 972.323689715817295 706.188681911101298
64 968.774333821301639 701.074146662367525
65 966.166046821012515 699.392969999835827
66 963.914059872243229 701.311770617033517
67 959.732905358596440 700.818413049190895
68 956.938043317784150 698.983734746555569
69 953.544299940982683 699.760707889967534
70 951.576019313927077 703.248344464015531
71 947.591340244275898 708.180171677903672
72 944.050742329529498 715.546659574366913
07
0
54
1 1004.434164126704673 621.720094416541997
2 1003.606448758206398 624.792383463394799
3 1002.744777293024413 627.351820574491967
4 1003.446104583140027 632.908907449064372
5 1002.594390775653437 643.306656172033627
6 1000.466553508787683 649.744616907189993
7 999.651079361993197 655.726383196194661
8 997.571143340977187 662.518633008764937
9 998.339772216169877 670.434128889605290
10 995.794929583551152 678.845668561134289
11 994.073803510483572 685.386626464174810
12 987.568105101617562 688.679565447830441
13 981.876592344332607 690.216942872161553
14 974.310237598189588 695.257520728540612
15 962.977397187668885 695.684134492654721
16 954.087384678142826 687.569710472284441
17 946.618660427243299 676.565504405797810
18 941.357094206651368 660.939221826741232
19 937.838951995268303 648.395261703995402
20 938.640618022201465 637.873602264820533
21 938.317992197502804 628.625128393634213
22 938.755650788792195 615.282157408259877
23 938.770281940098357 606.421630622629550
24 938.477544468552537 600.811556056621612
25 942.823245910683568 597.048915320574451
26 944.470588050930132 593.399783530671698
27 949.098444215823406 588.590933496357479
28 952.623489712556193 583.668474262118480
29 953.807073099704098 578.941431947349429
30 953.304906281937747 572.222062190054771
31 956.256585052855371 564.354512784087660
50 889.489174505023584 523.497397020791254
51 881.922242850119574 526.509435276389581
52 873.383918194537841 532.240807911803245
53 865.578236960403956 542.994206673661665
54 857.746433312037084 550.584550173468529
55 852.017275096158869 555.922073534612650
56 844.478562833107617 564.402470713070443
57 838.952973898364917 571.075005024550364
58 834.760275106398012 579.381144458292397
59 830.619852370086846 591.087667035558525
60 827.968062221710397 603.490784219229454
61 824.662625163044709 613.348901894868504
62 822.969638692089120 627.306927898952381
63 825.231771137538885 638.507363196401343
64 828.022926005364297 641.753296739607208
65 831.788582003705756 650.271879060292463
66 836.195566454244613 658.641291328702550
67 839.099759404565361 655.299948652402122
68 843.621687982852791 654.162983237232083
69 852.869975557865928 650.502189713435769
70 859.144734904427423 647.418302508881993
71 860.617336301985119 645.053251584260920
72 862.055278603007196 639.296202932761730
08
0
52
1 1092.981797957918161 634.347510878414596
2 1091.776033346683562 634.337462864541976
3 1090.648559519334640 635.072108959908519
4 1090.549338725676762 638.280074190971504
5 1088.688029469560888 642.814896148685875
6 1086.680938809903864 644.752307003831561
7 1085.471166635839381 647.027304971718877
8 1082.716500289739997 649.257652273494841
9 1081.637019492367472 651.913188092735481
10 1078.509760825961166 654.982277503267255
11 1077.192545442122537 657.757547889091143
12 1072.988788264399545 658.870432564265002
13 1068.962534999742275 660.131034158969328
14 1064.021436292110138 664.180250773993748
15 1056.491749431463404 665.428529610111127
16 1051.072899211234244 661.097635091874963
17 1045.361810398106854 654.823772224837171
18 1040.678836695655264 646.184450096001001
19 1036.901454231053549 639.557848403445405
20 1036.178369496444020 635.080721625695105
21 1033.361341254534182 630.845614192397647
22 1030.914017652116854 623.619339557707917
23 1027.547297072217589 618.774035296465399
24 1024.331431018286366 616.259078607794777
25 1024.690713936750399 615.583012920857186
26 1022.908645021807615 615.532675946369523
27 1023.790757044291013 614.801168469684853
28 1022.781735160882704 613.665708305808380
29 1020.767318597664598 612.283130625002855
30 1017.826384031704947 609.529898949624453
31 1016.975625574835362 605.641437414910911
52 958.997157765936549 574.292318089308083
53 953.727054640848792 580.848243026203136
54 947.418959887122469 585.565025038334738
55 943.250716714057603 588.388122543161558
56 937.366592115605613 593.026442114811971
57 932.947421402724444 596.812653764791889
58 929.912292390833386 601.384375406126765
59 926.854587811308306 607.282130407591126
60 924.728912589479478 612.457464245115375
61 921.596856453108217 616.049441256472505
62 918.840141444273286 623.688517434831056
63 919.768679823535990 628.817208712199317
64 920.071606333867749 628.338800172916649
65 920.746287867211663 632.149589130216214
66 921.568362046600214 636.448694350055575
67 921.654702083691859 633.442935611297116
68 922.861381929628351 630.981203903775281
69 926.988066634436905 627.861434399923041
70 929.440917687541628 626.367898721634901
71 928.054077961101143 626.026976165174347
72 926.729372004585230 624.841804575250990
09
0
54
1 1196.792883070527523 669.307993567698304
2 1194.903136150793898 667.685821549822890
3 1193.174886741740920 667.796507610974004
4 1192.363197653244697 669.513147329345657
5 1189.560612139128352 670.074259636053853
6 1187.034013210563899 668.905844007027213
7 1185.264212304909279 668.309556706350577
8 1181.808471642347058 667.185037448148250
9 1179.243929164021893 665.343506652512247
10 1175.588166074122228 664.053481087487057
11 1174.639038867510180 663.414353161058557
12 1172.170733364262333 662.897159078512686
13 1169.386372063048157 664.312574706740634
14 1166.457369852930015 667.689460595039236
15 1162.039255401269429 670.336953933761265
16 1158.699416943392634 670.067678331891102
17 1153.542116926731751 668.376515260382121
18 1148.592515396604767 666.622076497694025
19 1143.374079810798548 665.194083088032698
20 1140.757322316656655 665.812128222490514
21 1135.691279647019428 665.633060293869107
22 1130.270105579313395 662.816307929875393
23 1124.258315624006627 660.823783990004586
24 1118.260268396825040 660.262060198826703
25 1115.320680138662738 661.966427276890727
26 1110.532518102802214 664.279444348921402
27 1108.658843429314175 666.442554840724483
28 1104.207347179774615 667.629135186213489
29 1099.612208844625002 668.261757478383743
30 1094.803843188245992 667.708014269380783
31 1091.586622362798380 666.342591733431050
50 1061.326343452872834 630.021431998286403
51 1057.707595153904094 630.537574418648546
52 1053.320641050551103 631.970677677330514
53 1049.372293078265784 636.562482999055760
54 1043.225341173905235 640.412790037802438
55 1039.295958784094182 642.825794404357225
56 1033.857775586969410 645.673759872543428
57 1029.686569340054120 648.421522039071760
58 1027.570026669586923 650.964944922408449
59 1025.539547190228177 652.586656823039220
60 1024.229170615469684 652.692052971072258
61 1021.778613536863531 651.257978185307934
62 1019.341341460309991 653.118525604879778
63 1019.699475582359923 652.575194177069534
64 1018.301239341886458 648.406577498958654
65 1017.166531920957823 647.279422575974763
66 1016.072406567934536 647.195334310640305
67 1013.751647492526899 643.943843055936441
68 1012.393444817338604 640.039292680497056
69 1012.161080799334400 636.997969512419900
70 1011.466172547390897 636.393475175061667
71 1007.764669113668106 637.413593118649487
72 1004.502207141263852 639.909530608742671
